-5	0	100	70	1000	1	0.5
-4.8	0	100	70	1000	1	0.5
-4.5	0	100	70	1000	1	0.5
-4.3	0	100	70	1000	1	0.5
-4	0	100	70	1000	1	0.5
-3.8	0	100	70	1000	1	0.5
-3.5	0	100	70	1000	1	0.5
-3.3	0	100	70	1000	1	0.5
-3	0	100	70	1000	1	0.5
-2.8	0	100	70	1000	1	0.5
-2.6	0	100	70	1000	1	0.5
-2.3	0	100	70	1000	1	0.5
-2.1	0	100	70	1000	1	0.5
-1.8	0	100	70	1000	1	0.5
-1.6	0	100	70	1000	1	0.5
-1.3	0	100	70	1000	1	0.5
-1.1	0	100	70	1000	1	0.5
-0.8	0	100	70	1000	1	0.5
-0.6	0	100	70	1000	1	0.5
-0.3	0	100	70	1000	1	0.5
-0.1	0	100	70	1000	1	0.5
0.1	0	100	70	1000	1	0.5
0.4	0	100	70	1000	1	0.5
0.6	0	100	70	1000	1	0.5
0.9	0	100	70	1000	1	0.5
1.1	0	100	70	1000	1	0.5
1.4	0	100	70	1000	1	0.5
1.6	0	100	70	1000	1	0.5
1.9	0	100	70	1000	1	0.5
2.1	0	100	70	1000	1	0.5
2.3	0	100	70	1000	1	0.5
2.6	0	100	70	1000	1	0.5
2.8	0	100	70	1000	1	0.5
3.1	0	100	70	1000	1	0.5
3.3	0	100	70	1000	1	0.5
3.6	0	100	70	1000	1	0.5
3.8	0	100	70	1000	1	0.5
4.1	0	100	70	1000	1	0.5
4.3	0	100	70	1000	1	0.5
4.6	0	100	70	1000	1	0.5
4.8	0	100	70	1000	1	0.5
5	0	100	70	1000	1	0.5
5.3	0	100	70	1000	1	0.5
5.5	0	100	70	1000	1	0.5
5.8	0	100	70	1000	1	0.5
6	0	100	70	1000	1	0.5
6.3	0	100	70	1000	1	0.5
6.5	0	100	70	1000	1	0.5
6.8	0	100	70	1000	1	0.5
7	0	100	70	1000	1	0.5
7	0	100	70	1000	1	0.5
6.8	0	100	70	1000	1	0.5
6.5	0	100	70	1000	1	0.5
6.3	0	100	70	1000	1	0.5
6	0	100	70	1000	1	0.5
5.8	0	100	70	1000	1	0.5
5.5	0	100	70	1000	1	0.5
5.3	0	100	70	1000	1	0.5
5	0	100	70	1000	1	0.5
4.8	0	100	70	1000	1	0.5
4.6	0	100	70	1000	1	0.5
4.3	0	100	70	1000	1	0.5
4.1	0	100	70	1000	1	0.5
3.8	0	100	70	1000	1	0.5
3.6	0	100	70	1000	1	0.5
3.3	0	100	70	1000	1	0.5
3.1	0	100	70	1000	1	0.5
2.8	0	100	70	1000	1	0.5
2.6	0	100	70	1000	1	0.5
2.3	0	100	70	1000	1	0.5
2.1	0	100	70	1000	1	0.5
1.9	0	100	70	1000	1	0.5
1.6	0	100	70	1000	1	0.5
1.4	0	100	70	1000	1	0.5
1.1	0	100	70	1000	1	0.5
0.9	0	100	70	1000	1	0.5
0.6	0	100	70	1000	1	0.5
0.4	0	100	70	1000	1	0.5
0.1	0	100	70	1000	1	0.5
-0.1	0	100	70	1000	1	0.5
-0.3	0	100	70	1000	1	0.5
-0.6	0	100	70	1000	1	0.5
-0.8	0	100	70	1000	1	0.5
-1.1	0	100	70	1000	1	0.5
-1.3	0	100	70	1000	1	0.5
-1.6	0	100	70	1000	1	0.5
-1.8	0	100	70	1000	1	0.5
-2.1	0	100	70	1000	1	0.5
-2.3	0	100	70	1000	1	0.5
-2.6	0	100	70	1000	1	0.5
-2.8	0	100	70	1000	1	0.5
-3	0	100	70	1000	1	0.5
-3.3	0	100	70	1000	1	0.5
-3.5	0	100	70	1000	1	0.5
-3.8	0	100	70	1000	1	0.5
-4	0	100	70	1000	1	0.5
-4.3	0	100	70	1000	1	0.5
-4.5	0	100	70	1000	1	0.5
-4.8	0	100	70	1000	1	0.5
-5	200	100	70	1000	1	0.5
-5	0	100	70	1000	1	0.5
-4.8	0	100	70	1000	1	0.5
-4.5	0	100	70	1000	1	0.5
-4.3	0	100	70	1000	1	0.5
-4	0	100	70	1000	1	0.5
-3.8	0	100	70	1000	1	0.5
-3.5	0	100	70	1000	1	0.5
-3.3	0	100	70	1000	1	0.5
-3	0	100	70	1000	1	0.5
-2.8	0	100	70	1000	1	0.5
-2.6	0	100	70	1000	1	0.5
-2.3	0	100	70	1000	1	0.5
-2.1	0	100	70	1000	1	0.5
-1.8	0	100	70	1000	1	0.5
-1.6	0	100	70	1000	1	0.5
-1.3	0	100	70	1000	1	0.5
-1.1	0	100	70	1000	1	0.5
-0.8	0	100	70	1000	1	0.5
-0.6	0	100	70	1000	1	0.5
-0.3	0	100	70	1000	1	0.5
-0.1	0	100	70	1000	1	0.5
0.1	0	100	70	1000	1	0.5
0.4	0	100	70	1000	1	0.5
0.6	0	100	70	1000	1	0.5
0.9	0	100	70	1000	1	0.5
1.1	0	100	70	1000	1	0.5
1.4	0	100	70	1000	1	0.5
1.6	0	100	70	1000	1	0.5
1.9	0	100	70	1000	1	0.5
2.1	0	100	70	1000	1	0.5
2.3	0	100	70	1000	1	0.5
2.6	0	100	70	1000	1	0.5
2.8	0	100	70	1000	1	0.5
3.1	0	100	70	1000	1	0.5
3.3	0	100	70	1000	1	0.5
3.6	0	100	70	1000	1	0.5
3.8	0	100	70	1000	1	0.5
4.1	0	100	70	1000	1	0.5
4.3	0	100	70	1000	1	0.5
4.6	0	100	70	1000	1	0.5
4.8	0	100	70	1000	1	0.5
5	0	100	70	1000	1	0.5
5.3	0	100	70	1000	1	0.5
5.5	0	100	70	1000	1	0.5
5.8	0	100	70	1000	1	0.5
6	0	100	70	1000	1	0.5
6.3	0	100	70	1000	1	0.5
6.5	0	100	70	1000	1	0.5
6.8	0	100	70	1000	1	0.5
7	0	100	70	1000	1	0.5
7	0	100	70	1000	1	0.5
6.8	0	100	70	1000	1	0.5
6.5	0	100	70	1000	1	0.5
6.3	0	100	70	1000	1	0.5
6	0	100	70	1000	1	0.5
5.8	0	100	70	1000	1	0.5
5.5	0	100	70	1000	1	0.5
5.3	0	100	70	1000	1	0.5
5	0	100	70	1000	1	0.5
4.8	0	100	70	1000	1	0.5
4.6	0	100	70	1000	1	0.5
4.3	0	100	70	1000	1	0.5
4.1	0	100	70	1000	1	0.5
3.8	0	100	70	1000	1	0.5
3.6	0	100	70	1000	1	0.5
3.3	0	100	70	1000	1	0.5
3.1	0	100	70	1000	1	0.5
2.8	0	100	70	1000	1	0.5
2.6	0	100	70	1000	1	0.5
2.3	0	100	70	1000	1	0.5
2.1	0	100	70	1000	1	0.5
1.9	0	100	70	1000	1	0.5
1.6	0	100	70	1000	1	0.5
1.4	0	100	70	1000	1	0.5
1.1	0	100	70	1000	1	0.5
0.9	0	100	70	1000	1	0.5
0.6	0	100	70	1000	1	0.5
0.4	0	100	70	1000	1	0.5
0.1	0	100	70	1000	1	0.5
-0.1	0	100	70	1000	1	0.5
-0.3	0	100	70	1000	1	0.5
-0.6	0	100	70	1000	1	0.5
-0.8	0	100	70	1000	1	0.5
-1.1	0	100	70	1000	1	0.5
-1.3	0	100	70	1000	1	0.5
-1.6	0	100	70	1000	1	0.5
-1.8	0	100	70	1000	1	0.5
-2.1	0	100	70	1000	1	0.5
-2.3	0	100	70	1000	1	0.5
-2.6	0	100	70	1000	1	0.5
-2.8	0	100	70	1000	1	0.5
-3	0	100	70	1000	1	0.5
-3.3	0	100	70	1000	1	0.5
-3.5	0	100	70	1000	1	0.5
-3.8	0	100	70	1000	1	0.5
-4	0	100	70	1000	1	0.5
-4.3	0	100	70	1000	1	0.5
-4.5	0	100	70	1000	1	0.5
-4.8	0	100	70	1000	1	0.5
-5	200	100	70	1000	1	0.5
-5	0	100	70	1000	1	0.5
-4.8	0	100	70	1000	1	0.5
-4.5	0	100	70	1000	1	0.5
-4.3	0	100	70	1000	1	0.5
-4	0	100	70	1000	1	0.5
-3.8	0	100	70	1000	1	0.5
-3.5	0	100	70	1000	1	0.5
-3.3	0	100	70	1000	1	0.5
-3	0	100	70	1000	1	0.5
-2.8	0	100	70	1000	1	0.5
-2.6	0	100	70	1000	1	0.5
-2.3	0	100	70	1000	1	0.5
-2.1	0	100	70	1000	1	0.5
-1.8	0	100	70	1000	1	0.5
-1.6	0	100	70	1000	1	0.5
-1.3	0	100	70	1000	1	0.5
-1.1	0	100	70	1000	1	0.5
-0.8	0	100	70	1000	1	0.5
-0.6	0	100	70	1000	1	0.5
-0.3	0	100	70	1000	1	0.5
-0.1	0	100	70	1000	1	0.5
0.1	0	100	70	1000	1	0.5
0.4	0	100	70	1000	1	0.5
0.6	0	100	70	1000	1	0.5
0.9	0	100	70	1000	1	0.5
1.1	0	100	70	1000	1	0.5
1.4	0	100	70	1000	1	0.5
1.6	0	100	70	1000	1	0.5
1.9	0	100	70	1000	1	0.5
2.1	0	100	70	1000	1	0.5
2.3	0	100	70	1000	1	0.5
2.6	0	100	70	1000	1	0.5
2.8	0	100	70	1000	1	0.5
3.1	0	100	70	1000	1	0.5
3.3	0	100	70	1000	1	0.5
3.6	0	100	70	1000	1	0.5
3.8	0	100	70	1000	1	0.5
4.1	0	100	70	1000	1	0.5
4.3	0	100	70	1000	1	0.5
4.6	0	100	70	1000	1	0.5
4.8	0	100	70	1000	1	0.5
5	0	100	70	1000	1	0.5
5.3	0	100	70	1000	1	0.5
5.5	0	100	70	1000	1	0.5
5.8	0	100	70	1000	1	0.5
6	0	100	70	1000	1	0.5
6.3	0	100	70	1000	1	0.5
6.5	0	100	70	1000	1	0.5
6.8	0	100	70	1000	1	0.5
7	0	100	70	1000	1	0.5
7	0	100	70	1000	1	0.5
6.8	0	100	70	1000	1	0.5
6.5	0	100	70	1000	1	0.5
6.3	0	100	70	1000	1	0.5
6	0	100	70	1000	1	0.5
5.8	0	100	70	1000	1	0.5
5.5	0	100	70	1000	1	0.5
5.3	0	100	70	1000	1	0.5
5	0	100	70	1000	1	0.5
4.8	0	100	70	1000	1	0.5
4.6	0	100	70	1000	1	0.5
4.3	0	100	70	1000	1	0.5
4.1	0	100	70	1000	1	0.5
3.8	0	100	70	1000	1	0.5
3.6	0	100	70	1000	1	0.5
3.3	0	100	70	1000	1	0.5
3.1	0	100	70	1000	1	0.5
2.8	0	100	70	1000	1	0.5
2.6	0	100	70	1000	1	0.5
2.3	0	100	70	1000	1	0.5
2.1	0	100	70	1000	1	0.5
1.9	0	100	70	1000	1	0.5
1.6	0	100	70	1000	1	0.5
1.4	0	100	70	1000	1	0.5
1.1	0	100	70	1000	1	0.5
0.9	0	100	70	1000	1	0.5
0.6	0	100	70	1000	1	0.5
0.4	0	100	70	1000	1	0.5
0.1	0	100	70	1000	1	0.5
-0.1	0	100	70	1000	1	0.5
-0.3	0	100	70	1000	1	0.5
-0.6	0	100	70	1000	1	0.5
-0.8	0	100	70	1000	1	0.5
-1.1	0	100	70	1000	1	0.5
-1.3	0	100	70	1000	1	0.5
-1.6	0	100	70	1000	1	0.5
-1.8	0	100	70	1000	1	0.5
-2.1	0	100	70	1000	1	0.5
-2.3	0	100	70	1000	1	0.5
-2.6	0	100	70	1000	1	0.5
-2.8	0	100	70	1000	1	0.5
-3	0	100	70	1000	1	0.5
-3.3	0	100	70	1000	1	0.5
-3.5	0	100	70	1000	1	0.5
-3.8	0	100	70	1000	1	0.5
-4	0	100	70	1000	1	0.5
-4.3	0	100	70	1000	1	0.5
-4.5	0	100	70	1000	1	0.5
-4.8	0	100	70	1000	1	0.5
-5	200	100	70	1000	1	0.5
-5	0	100	70	1000	1	0.5
-4.8	0	100	70	1000	1	0.5
-4.5	0	100	70	1000	1	0.5
-4.3	0	100	70	1000	1	0.5
-4	0	100	70	1000	1	0.5
-3.8	0	100	70	1000	1	0.5
-3.5	0	100	70	1000	1	0.5
-3.3	0	100	70	1000	1	0.5
-3	0	100	70	1000	1	0.5
-2.8	0	100	70	1000	1	0.5
-2.6	0	100	70	1000	1	0.5
-2.3	0	100	70	1000	1	0.5
-2.1	0	100	70	1000	1	0.5
-1.8	0	100	70	1000	1	0.5
-1.6	0	100	70	1000	1	0.5
-1.3	0	100	70	1000	1	0.5
-1.1	0	100	70	1000	1	0.5
-0.8	0	100	70	1000	1	0.5
-0.6	0	100	70	1000	1	0.5
-0.3	0	100	70	1000	1	0.5
-0.1	0	100	70	1000	1	0.5
0.1	0	100	70	1000	1	0.5
0.4	0	100	70	1000	1	0.5
0.6	0	100	70	1000	1	0.5
0.9	0	100	70	1000	1	0.5
1.1	0	100	70	1000	1	0.5
1.4	0	100	70	1000	1	0.5
1.6	0	100	70	1000	1	0.5
1.9	0	100	70	1000	1	0.5
2.1	0	100	70	1000	1	0.5
2.3	0	100	70	1000	1	0.5
2.6	0	100	70	1000	1	0.5
2.8	0	100	70	1000	1	0.5
3.1	0	100	70	1000	1	0.5
3.3	0	100	70	1000	1	0.5
3.6	0	100	70	1000	1	0.5
3.8	0	100	70	1000	1	0.5
4.1	0	100	70	1000	1	0.5
4.3	0	100	70	1000	1	0.5
4.6	0	100	70	1000	1	0.5
4.8	0	100	70	1000	1	0.5
5	0	100	70	1000	1	0.5
5.3	0	100	70	1000	1	0.5
5.5	0	100	70	1000	1	0.5
5.8	0	100	70	1000	1	0.5
6	0	100	70	1000	1	0.5
6.3	0	100	70	1000	1	0.5
6.5	0	100	70	1000	1	0.5
6.8	0	100	70	1000	1	0.5
7	0	100	70	1000	1	0.5
7	0	100	70	1000	1	0.5
6.8	0	100	70	1000	1	0.5
6.5	0	100	70	1000	1	0.5
6.3	0	100	70	1000	1	0.5
6	0	100	70	1000	1	0.5
5.8	0	100	70	1000	1	0.5
5.5	0	100	70	1000	1	0.5
5.3	0	100	70	1000	1	0.5
5	0	100	70	1000	1	0.5
4.8	0	100	70	1000	1	0.5
4.6	0	100	70	1000	1	0.5
4.3	0	100	70	1000	1	0.5
4.1	0	100	70	1000	1	0.5
3.8	0	100	70	1000	1	0.5
3.6	0	100	70	1000	1	0.5
3.3	0	100	70	1000	1	0.5
3.1	0	100	70	1000	1	0.5
2.8	0	100	70	1000	1	0.5
2.6	0	100	70	1000	1	0.5
2.3	0	100	70	1000	1	0.5
2.1	0	100	70	1000	1	0.5
1.9	0	100	70	1000	1	0.5
1.6	0	100	70	1000	1	0.5
1.4	0	100	70	1000	1	0.5
1.1	0	100	70	1000	1	0.5
0.9	0	100	70	1000	1	0.5
0.6	0	100	70	1000	1	0.5
0.4	0	100	70	1000	1	0.5
0.1	0	100	70	1000	1	0.5
-0.1	0	100	70	1000	1	0.5
-0.3	0	100	70	1000	1	0.5
-0.6	0	100	70	1000	1	0.5
-0.8	0	100	70	1000	1	0.5
-1.1	0	100	70	1000	1	0.5
-1.3	0	100	70	1000	1	0.5
-1.6	0	100	70	1000	1	0.5
-1.8	0	100	70	1000	1	0.5
-2.1	0	100	70	1000	1	0.5
-2.3	0	100	70	1000	1	0.5
-2.6	0	100	70	1000	1	0.5
-2.8	0	100	70	1000	1	0.5
-3	0	100	70	1000	1	0.5
-3.3	0	100	70	1000	1	0.5
-3.5	0	100	70	1000	1	0.5
-3.8	0	100	70	1000	1	0.5
-4	0	100	70	1000	1	0.5
-4.3	0	100	70	1000	1	0.5
-4.5	0	100	70	1000	1	0.5
-4.8	0	100	70	1000	1	0.5
-5	200	100	70	1000	1	0.5
-5	0	100	70	1000	1	0.5
-4.8	0	100	70	1000	1	0.5
-4.5	0	100	70	1000	1	0.5
-4.3	0	100	70	1000	1	0.5
-4	0	100	70	1000	1	0.5
-3.8	0	100	70	1000	1	0.5
-3.5	0	100	70	1000	1	0.5
-3.3	0	100	70	1000	1	0.5
-3	0	100	70	1000	1	0.5
-2.8	0	100	70	1000	1	0.5
-2.6	0	100	70	1000	1	0.5
-2.3	0	100	70	1000	1	0.5
-2.1	0	100	70	1000	1	0.5
-1.8	0	100	70	1000	1	0.5
-1.6	0	100	70	1000	1	0.5
-1.3	0	100	70	1000	1	0.5
-1.1	0	100	70	1000	1	0.5
-0.8	0	100	70	1000	1	0.5
-0.6	0	100	70	1000	1	0.5
-0.3	0	100	70	1000	1	0.5
-0.1	0	100	70	1000	1	0.5
0.1	0	100	70	1000	1	0.5
0.4	0	100	70	1000	1	0.5
0.6	0	100	70	1000	1	0.5
0.9	0	100	70	1000	1	0.5
1.1	0	100	70	1000	1	0.5
1.4	0	100	70	1000	1	0.5
1.6	0	100	70	1000	1	0.5
1.9	0	100	70	1000	1	0.5
2.1	0	100	70	1000	1	0.5
2.3	0	100	70	1000	1	0.5
2.6	0	100	70	1000	1	0.5
2.8	0	100	70	1000	1	0.5
3.1	0	100	70	1000	1	0.5
3.3	0	100	70	1000	1	0.5
3.6	0	100	70	1000	1	0.5
3.8	0	100	70	1000	1	0.5
4.1	0	100	70	1000	1	0.5
4.3	0	100	70	1000	1	0.5
4.6	0	100	70	1000	1	0.5
4.8	0	100	70	1000	1	0.5
5	0	100	70	1000	1	0.5
5.3	0	100	70	1000	1	0.5
5.5	0	100	70	1000	1	0.5
5.8	0	100	70	1000	1	0.5
6	0	100	70	1000	1	0.5
6.3	0	100	70	1000	1	0.5
6.5	0	100	70	1000	1	0.5
6.8	0	100	70	1000	1	0.5
7	0	100	70	1000	1	0.5
7	0	100	70	1000	1	0.5
6.8	0	100	70	1000	1	0.5
6.5	0	100	70	1000	1	0.5
6.3	0	100	70	1000	1	0.5
6	0	100	70	1000	1	0.5
5.8	0	100	70	1000	1	0.5
5.5	0	100	70	1000	1	0.5
5.3	0	100	70	1000	1	0.5
5	0	100	70	1000	1	0.5
4.8	0	100	70	1000	1	0.5
4.6	0	100	70	1000	1	0.5
4.3	0	100	70	1000	1	0.5
4.1	0	100	70	1000	1	0.5
3.8	0	100	70	1000	1	0.5
3.6	0	100	70	1000	1	0.5
3.3	0	100	70	1000	1	0.5
3.1	0	100	70	1000	1	0.5
2.8	0	100	70	1000	1	0.5
2.6	0	100	70	1000	1	0.5
2.3	0	100	70	1000	1	0.5
2.1	0	100	70	1000	1	0.5
1.9	0	100	70	1000	1	0.5
1.6	0	100	70	1000	1	0.5
1.4	0	100	70	1000	1	0.5
1.1	0	100	70	1000	1	0.5
0.9	0	100	70	1000	1	0.5
0.6	0	100	70	1000	1	0.5
0.4	0	100	70	1000	1	0.5
0.1	0	100	70	1000	1	0.5
-0.1	0	100	70	1000	1	0.5
-0.3	0	100	70	1000	1	0.5
-0.6	0	100	70	1000	1	0.5
-0.8	0	100	70	1000	1	0.5
-1.1	0	100	70	1000	1	0.5
-1.3	0	100	70	1000	1	0.5
-1.6	0	100	70	1000	1	0.5
-1.8	0	100	70	1000	1	0.5
-2.1	0	100	70	1000	1	0.5
-2.3	0	100	70	1000	1	0.5
-2.6	0	100	70	1000	1	0.5
-2.8	0	100	70	1000	1	0.5
-3	0	100	70	1000	1	0.5
-3.3	0	100	70	1000	1	0.5
-3.5	0	100	70	1000	1	0.5
-3.8	0	100	70	1000	1	0.5
-4	0	100	70	1000	1	0.5
-4.3	0	100	70	1000	1	0.5
-4.5	0	100	70	1000	1	0.5
-4.8	0	100	70	1000	1	0.5
-5	200	100	70	1000	1	0.5
-5	0	100	70	1000	1	0.5
-4.8	0	100	70	1000	1	0.5
-4.5	0	100	70	1000	1	0.5
-4.3	0	100	70	1000	1	0.5
-4	0	100	70	1000	1	0.5
-3.8	0	100	70	1000	1	0.5
-3.5	0	100	70	1000	1	0.5
-3.3	0	100	70	1000	1	0.5
-3	0	100	70	1000	1	0.5
-2.8	0	100	70	1000	1	0.5
-2.6	0	100	70	1000	1	0.5
-2.3	0	100	70	1000	1	0.5
-2.1	0	100	70	1000	1	0.5
-1.8	0	100	70	1000	1	0.5
-1.6	0	100	70	1000	1	0.5
-1.3	0	100	70	1000	1	0.5
-1.1	0	100	70	1000	1	0.5
-0.8	0	100	70	1000	1	0.5
-0.6	0	100	70	1000	1	0.5
-0.3	0	100	70	1000	1	0.5
-0.1	0	100	70	1000	1	0.5
0.1	0	100	70	1000	1	0.5
0.4	0	100	70	1000	1	0.5
0.6	0	100	70	1000	1	0.5
0.9	0	100	70	1000	1	0.5
1.1	0	100	70	1000	1	0.5
1.4	0	100	70	1000	1	0.5
1.6	0	100	70	1000	1	0.5
1.9	0	100	70	1000	1	0.5
2.1	0	100	70	1000	1	0.5
2.3	0	100	70	1000	1	0.5
2.6	0	100	70	1000	1	0.5
2.8	0	100	70	1000	1	0.5
3.1	0	100	70	1000	1	0.5
3.3	0	100	70	1000	1	0.5
3.6	0	100	70	1000	1	0.5
3.8	0	100	70	1000	1	0.5
4.1	0	100	70	1000	1	0.5
4.3	0	100	70	1000	1	0.5
4.6	0	100	70	1000	1	0.5
4.8	0	100	70	1000	1	0.5
5	0	100	70	1000	1	0.5
5.3	0	100	70	1000	1	0.5
5.5	0	100	70	1000	1	0.5
5.8	0	100	70	1000	1	0.5
6	0	100	70	1000	1	0.5
6.3	0	100	70	1000	1	0.5
6.5	0	100	70	1000	1	0.5
6.8	0	100	70	1000	1	0.5
7	0	100	70	1000	1	0.5
7	0	100	70	1000	1	0.5
6.8	0	100	70	1000	1	0.5
6.5	0	100	70	1000	1	0.5
6.3	0	100	70	1000	1	0.5
6	0	100	70	1000	1	0.5
5.8	0	100	70	1000	1	0.5
5.5	0	100	70	1000	1	0.5
5.3	0	100	70	1000	1	0.5
5	0	100	70	1000	1	0.5
4.8	0	100	70	1000	1	0.5
4.6	0	100	70	1000	1	0.5
4.3	0	100	70	1000	1	0.5
4.1	0	100	70	1000	1	0.5
3.8	0	100	70	1000	1	0.5
3.6	0	100	70	1000	1	0.5
3.3	0	100	70	1000	1	0.5
3.1	0	100	70	1000	1	0.5
2.8	0	100	70	1000	1	0.5
2.6	0	100	70	1000	1	0.5
2.3	0	100	70	1000	1	0.5
2.1	0	100	70	1000	1	0.5
1.9	0	100	70	1000	1	0.5
1.6	0	100	70	1000	1	0.5
1.4	0	100	70	1000	1	0.5
1.1	0	100	70	1000	1	0.5
0.9	0	100	70	1000	1	0.5
0.6	0	100	70	1000	1	0.5
0.4	0	100	70	1000	1	0.5
0.1	0	100	70	1000	1	0.5
-0.1	0	100	70	1000	1	0.5
-0.3	0	100	70	1000	1	0.5
-0.6	0	100	70	1000	1	0.5
-0.8	0	100	70	1000	1	0.5
-1.1	0	100	70	1000	1	0.5
-1.3	0	100	70	1000	1	0.5
-1.6	0	100	70	1000	1	0.5
-1.8	0	100	70	1000	1	0.5
-2.1	0	100	70	1000	1	0.5
-2.3	0	100	70	1000	1	0.5
-2.6	0	100	70	1000	1	0.5
-2.8	0	100	70	1000	1	0.5
-3	0	100	70	1000	1	0.5
-3.3	0	100	70	1000	1	0.5
-3.5	0	100	70	1000	1	0.5
-3.8	0	100	70	1000	1	0.5
-4	0	100	70	1000	1	0.5
-4.3	0	100	70	1000	1	0.5
-4.5	0	100	70	1000	1	0.5
-4.8	0	100	70	1000	1	0.5
-5	200	100	70	1000	1	0.5
-5	0	100	70	1000	1	0.5
-4.8	0	100	70	1000	1	0.5
-4.5	0	100	70	1000	1	0.5
-4.3	0	100	70	1000	1	0.5
-4	0	100	70	1000	1	0.5
-3.8	0	100	70	1000	1	0.5
-3.5	0	100	70	1000	1	0.5
-3.3	0	100	70	1000	1	0.5
-3	0	100	70	1000	1	0.5
-2.8	0	100	70	1000	1	0.5
-2.6	0	100	70	1000	1	0.5
-2.3	0	100	70	1000	1	0.5
-2.1	0	100	70	1000	1	0.5
-1.8	0	100	70	1000	1	0.5
-1.6	0	100	70	1000	1	0.5
-1.3	0	100	70	1000	1	0.5
-1.1	0	100	70	1000	1	0.5
-0.8	0	100	70	1000	1	0.5
-0.6	0	100	70	1000	1	0.5
-0.3	0	100	70	1000	1	0.5
-0.1	0	100	70	1000	1	0.5
0.1	0	100	70	1000	1	0.5
0.4	0	100	70	1000	1	0.5
0.6	0	100	70	1000	1	0.5
0.9	0	100	70	1000	1	0.5
1.1	0	100	70	1000	1	0.5
1.4	0	100	70	1000	1	0.5
1.6	0	100	70	1000	1	0.5
1.9	0	100	70	1000	1	0.5
2.1	0	100	70	1000	1	0.5
2.3	0	100	70	1000	1	0.5
2.6	0	100	70	1000	1	0.5
2.8	0	100	70	1000	1	0.5
3.1	0	100	70	1000	1	0.5
3.3	0	100	70	1000	1	0.5
3.6	0	100	70	1000	1	0.5
3.8	0	100	70	1000	1	0.5
4.1	0	100	70	1000	1	0.5
4.3	0	100	70	1000	1	0.5
4.6	0	100	70	1000	1	0.5
4.8	0	100	70	1000	1	0.5
5	0	100	70	1000	1	0.5
5.3	0	100	70	1000	1	0.5
5.5	0	100	70	1000	1	0.5
5.8	0	100	70	1000	1	0.5
6	0	100	70	1000	1	0.5
6.3	0	100	70	1000	1	0.5
6.5	0	100	70	1000	1	0.5
6.8	0	100	70	1000	1	0.5
7	0	100	70	1000	1	0.5
7	0	100	70	1000	1	0.5
6.8	0	100	70	1000	1	0.5
6.5	0	100	70	1000	1	0.5
6.3	0	100	70	1000	1	0.5
6	0	100	70	1000	1	0.5
5.8	0	100	70	1000	1	0.5
5.5	0	100	70	1000	1	0.5
5.3	0	100	70	1000	1	0.5
5	0	100	70	1000	1	0.5
4.8	0	100	70	1000	1	0.5
4.6	0	100	70	1000	1	0.5
4.3	0	100	70	1000	1	0.5
4.1	0	100	70	1000	1	0.5
3.8	0	100	70	1000	1	0.5
3.6	0	100	70	1000	1	0.5
3.3	0	100	70	1000	1	0.5
3.1	0	100	70	1000	1	0.5
2.8	0	100	70	1000	1	0.5
2.6	0	100	70	1000	1	0.5
2.3	0	100	70	1000	1	0.5
2.1	0	100	70	1000	1	0.5
1.9	0	100	70	1000	1	0.5
1.6	0	100	70	1000	1	0.5
1.4	0	100	70	1000	1	0.5
1.1	0	100	70	1000	1	0.5
0.9	0	100	70	1000	1	0.5
0.6	0	100	70	1000	1	0.5
0.4	0	100	70	1000	1	0.5
0.1	0	100	70	1000	1	0.5
-0.1	0	100	70	1000	1	0.5
-0.3	0	100	70	1000	1	0.5
-0.6	0	100	70	1000	1	0.5
-0.8	0	100	70	1000	1	0.5
-1.1	0	100	70	1000	1	0.5
-1.3	0	100	70	1000	1	0.5
-1.6	0	100	70	1000	1	0.5
-1.8	0	100	70	1000	1	0.5
-2.1	0	100	70	1000	1	0.5
-2.3	0	100	70	1000	1	0.5
-2.6	0	100	70	1000	1	0.5
-2.8	0	100	70	1000	1	0.5
-3	0	100	70	1000	1	0.5
-3.3	0	100	70	1000	1	0.5
-3.5	0	100	70	1000	1	0.5
-3.8	0	100	70	1000	1	0.5
-4	0	100	70	1000	1	0.5
-4.3	0	100	70	1000	1	0.5
-4.5	0	100	70	1000	1	0.5
-4.8	0	100	70	1000	1	0.5
-5	200	100	70	1000	1	0.5
-5	0	100	70	1000	1	0.5
-4.8	0	100	70	1000	1	0.5
-4.5	0	100	70	1000	1	0.5
-4.3	0	100	70	1000	1	0.5
-4	0	100	70	1000	1	0.5
-3.8	0	100	70	1000	1	0.5
-3.5	0	100	70	1000	1	0.5
-3.3	0	100	70	1000	1	0.5
-3	0	100	70	1000	1	0.5
-2.8	0	100	70	1000	1	0.5
-2.6	0	100	70	1000	1	0.5
-2.3	0	100	70	1000	1	0.5
-2.1	0	100	70	1000	1	0.5
-1.8	0	100	70	1000	1	0.5
-1.6	0	100	70	1000	1	0.5
-1.3	0	100	70	1000	1	0.5
-1.1	0	100	70	1000	1	0.5
-0.8	0	100	70	1000	1	0.5
-0.6	0	100	70	1000	1	0.5
-0.3	0	100	70	1000	1	0.5
-0.1	0	100	70	1000	1	0.5
0.1	0	100	70	1000	1	0.5
0.4	0	100	70	1000	1	0.5
0.6	0	100	70	1000	1	0.5
0.9	0	100	70	1000	1	0.5
1.1	0	100	70	1000	1	0.5
1.4	0	100	70	1000	1	0.5
1.6	0	100	70	1000	1	0.5
1.9	0	100	70	1000	1	0.5
2.1	0	100	70	1000	1	0.5
2.3	0	100	70	1000	1	0.5
